{"nbformat":4,"nbformat_minor":0,"metadata":{"colab":{"name":"drriosg_week_1_LU_pivoting.ipynb","provenance":[],"collapsed_sections":[]},"kernelspec":{"name":"python3","display_name":"Python 3"}},"cells":[{"cell_type":"markdown","metadata":{"id":"OBc93xD1zMDD"},"source":["# I. $LU$ factorization of a square matrix\n","When we premultply $A$ by lower triangular elemetary matrices $\\Lambda_j$ it is trasfrommed in an  upper triangular matrix $U$\n","\n","$$  \\Lambda_{n-1}  \\ldots\\Lambda_2  \\Lambda_1 A  = U$$\n","\n","$$  A  = (\\Lambda_{n-1}  \\ldots\\Lambda_2  \\Lambda_2 )^{-1} U$$\n","\n","The inverse of a product of matrices is the revesre product of inverses\n","$$  A  = (\\Lambda_1^{-1}  \\Lambda_2^{-1} \\ldots  \\Lambda_{n-1}^{-1}) U$$\n","\n","and inverse of a Lower Triangular Elemetary Matrix is minus the matrix $\\Lambda_j^{-1} = - \\Lambda_j$, so \n","\n","$$ A  =  (-\\Lambda_1) (-\\Lambda_2) \\ldots   (-\\Lambda_{n-1})  U$$\n","\n","So the $LU$ column pivot factorization is \n","$$  A  = L U$$\n","with\n","$$ U = \\Lambda_{n-1}  \\ldots\\Lambda_2  \\Lambda_1 A  $$\n","an upper triangular matrix\n","$$ L  =  \\Lambda_1^{-1}  \\Lambda_2^{-1} \\ldots  \\Lambda_{n-1}^{-1} $$\n","an lower triangular matrix."]},{"cell_type":"markdown","metadata":{"id":"dmO1wEA5zVVS"},"source":["Consider a simple naive implementation of the LU decomposition. \n","\n","Note that we're using the `numpy` arrays to represent matrices [do **not** use `np.matrix`]."]},{"cell_type":"code","metadata":{"id":"0jzv0-yyzDM2"},"source":["import numpy as np\n","\n","def diy_lu(a):\n","    \"\"\"Construct the LU decomposition of the input matrix.\n","    \n","    Naive LU decomposition: work column by column, accumulate elementary triangular matrices.\n","    No pivoting.\n","    \"\"\"\n","    N = a.shape[0]\n","    \n","    u = a.copy()\n","    L = np.eye(N)\n","    for j in range(N-1):\n","        lam = np.eye(N)\n","        gamma = u[j+1:, j] / u[j, j]\n","        lam[j+1:, j] = -gamma\n","        u = lam @ u\n","\n","        lam[j+1:, j] = gamma\n","        L = L @ lam\n","    return L, u"],"execution_count":null,"outputs":[]},{"cell_type":"code","metadata":{"colab":{"base_uri":"https://localhost:8080/"},"id":"yW-cZc_qzd0Z","executionInfo":{"status":"ok","timestamp":1618411279617,"user_tz":300,"elapsed":1191,"user":{"displayName":"David Ricardo Rios Garcia","photoUrl":"https://lh3.googleusercontent.com/a-/AOh14GinpQkh44wZSz3MxS8182NDCrM_aotyKwIFOnBd1A=s64","userId":"13932141575913455555"}},"outputId":"23a05b01-3a84-485f-fb8a-70953ac20748"},"source":["# Now, generate a full rank matrix and test the naive implementation\n","\n","import numpy as np\n","\n","N = 6\n","a = np.zeros((N, N), dtype=float)\n","for i in range(N):\n","    for j in range(N):\n","        a[i, j] = 3. / (0.6*i*j + 1)\n","\n","np.linalg.matrix_rank(a)"],"execution_count":3,"outputs":[{"output_type":"execute_result","data":{"text/plain":["6"]},"metadata":{"tags":[]},"execution_count":3}]},{"cell_type":"code","metadata":{"colab":{"base_uri":"https://localhost:8080/"},"id":"MJs7LATHzhZq","executionInfo":{"status":"ok","timestamp":1618324627955,"user_tz":300,"elapsed":975,"user":{"displayName":"David Ricardo Rios Garcia","photoUrl":"https://lh3.googleusercontent.com/a-/AOh14GinpQkh44wZSz3MxS8182NDCrM_aotyKwIFOnBd1A=s64","userId":"13932141575913455555"}},"outputId":"e9813e10-c99b-4c9f-d120-67a0916b0791"},"source":["a"],"execution_count":null,"outputs":[{"output_type":"execute_result","data":{"text/plain":["array([[3.        , 3.        , 3.        , 3.        , 3.        ,\n","        3.        ],\n","       [3.        , 1.875     , 1.36363636, 1.07142857, 0.88235294,\n","        0.75      ],\n","       [3.        , 1.36363636, 0.88235294, 0.65217391, 0.51724138,\n","        0.42857143],\n","       [3.        , 1.07142857, 0.65217391, 0.46875   , 0.36585366,\n","        0.3       ],\n","       [3.        , 0.88235294, 0.51724138, 0.36585366, 0.28301887,\n","        0.23076923],\n","       [3.        , 0.75      , 0.42857143, 0.3       , 0.23076923,\n","        0.1875    ]])"]},"metadata":{"tags":[]},"execution_count":3}]},{"cell_type":"code","metadata":{"id":"siqi2RnZzn9x"},"source":["# Tweak the printing of floating-point numbers, for clarity\n","np.set_printoptions(precision=3)"],"execution_count":null,"outputs":[]},{"cell_type":"code","metadata":{"colab":{"base_uri":"https://localhost:8080/"},"id":"Y21gOqQ8zsqp","executionInfo":{"status":"ok","timestamp":1618324635844,"user_tz":300,"elapsed":1096,"user":{"displayName":"David Ricardo Rios Garcia","photoUrl":"https://lh3.googleusercontent.com/a-/AOh14GinpQkh44wZSz3MxS8182NDCrM_aotyKwIFOnBd1A=s64","userId":"13932141575913455555"}},"outputId":"9fda5940-de95-4a03-b22b-9731efe703ba"},"source":["L, u = diy_lu(a)\n","\n","print(L, \"\\n\")\n","print(u, \"\\n\")\n","\n","# Quick sanity check: L times U must equal the original matrix, up to floating-point errors.\n","print(L@u - a)"],"execution_count":null,"outputs":[{"output_type":"stream","text":["[[1.    0.    0.    0.    0.    0.   ]\n"," [1.    1.    0.    0.    0.    0.   ]\n"," [1.    1.455 1.    0.    0.    0.   ]\n"," [1.    1.714 1.742 1.    0.    0.   ]\n"," [1.    1.882 2.276 2.039 1.    0.   ]\n"," [1.    2.    2.671 2.944 2.354 1.   ]] \n","\n","[[ 3.000e+00  3.000e+00  3.000e+00  3.000e+00  3.000e+00  3.000e+00]\n"," [ 0.000e+00 -1.125e+00 -1.636e+00 -1.929e+00 -2.118e+00 -2.250e+00]\n"," [ 0.000e+00  0.000e+00  2.625e-01  4.574e-01  5.975e-01  7.013e-01]\n"," [ 0.000e+00  2.220e-16  0.000e+00 -2.197e-02 -4.480e-02 -6.469e-02]\n"," [ 0.000e+00 -4.528e-16  0.000e+00  6.939e-18  8.080e-04  1.902e-03]\n"," [ 0.000e+00  4.123e-16  0.000e+00 -1.634e-17  0.000e+00 -1.585e-05]] \n","\n","[[ 0.000e+00  0.000e+00  0.000e+00  0.000e+00  0.000e+00  0.000e+00]\n"," [ 0.000e+00  0.000e+00  0.000e+00  0.000e+00  0.000e+00  0.000e+00]\n"," [ 0.000e+00  0.000e+00 -1.110e-16  1.110e-16  1.110e-16 -5.551e-17]\n"," [ 0.000e+00  0.000e+00  3.331e-16 -2.220e-16 -5.551e-17  0.000e+00]\n"," [ 0.000e+00  0.000e+00  0.000e+00 -1.110e-16 -1.665e-16  0.000e+00]\n"," [ 0.000e+00  0.000e+00 -1.110e-16 -2.776e-16  1.110e-16  1.110e-16]]\n"],"name":"stdout"}]},{"cell_type":"markdown","metadata":{"id":"oSvHYsWuza06"},"source":["# II. The need for pivoting"]},{"cell_type":"markdown","metadata":{"id":"B6z9Gausz4lS"},"source":["Let's tweak the matrix a little bit, we only change a single element:"]},{"cell_type":"code","metadata":{"id":"tkGx4QSTzxOo"},"source":["a1 = a.copy()\n","a1[1, 1] = 3"],"execution_count":null,"outputs":[]},{"cell_type":"code","metadata":{"colab":{"base_uri":"https://localhost:8080/"},"id":"MiuSdcUcz_rK","executionInfo":{"status":"ok","timestamp":1618324648392,"user_tz":300,"elapsed":1524,"user":{"displayName":"David Ricardo Rios Garcia","photoUrl":"https://lh3.googleusercontent.com/a-/AOh14GinpQkh44wZSz3MxS8182NDCrM_aotyKwIFOnBd1A=s64","userId":"13932141575913455555"}},"outputId":"800604fa-cd72-46ef-daad-9ea1a662fb01"},"source":["np.linalg.matrix_rank(a1)"],"execution_count":null,"outputs":[{"output_type":"execute_result","data":{"text/plain":["6"]},"metadata":{"tags":[]},"execution_count":7}]},{"cell_type":"code","metadata":{"colab":{"base_uri":"https://localhost:8080/"},"id":"NfvRXF3l0Czz","executionInfo":{"status":"ok","timestamp":1618324650169,"user_tz":300,"elapsed":350,"user":{"displayName":"David Ricardo Rios Garcia","photoUrl":"https://lh3.googleusercontent.com/a-/AOh14GinpQkh44wZSz3MxS8182NDCrM_aotyKwIFOnBd1A=s64","userId":"13932141575913455555"}},"outputId":"1951736f-8991-4a59-baa5-e21c441c9563"},"source":["l, u = diy_lu(a1)\n","\n","print(l, u)"],"execution_count":null,"outputs":[{"output_type":"stream","text":["[[nan nan nan nan nan nan]\n"," [nan nan nan nan nan nan]\n"," [nan nan nan nan nan nan]\n"," [nan nan nan nan nan nan]\n"," [nan nan nan nan nan nan]\n"," [nan nan nan nan nan nan]] [[nan nan nan nan nan nan]\n"," [nan nan nan nan nan nan]\n"," [nan nan nan nan nan nan]\n"," [nan nan nan nan nan nan]\n"," [nan nan nan nan nan nan]\n"," [nan nan nan nan nan nan]]\n"],"name":"stdout"},{"output_type":"stream","text":["/usr/local/lib/python3.7/dist-packages/ipykernel_launcher.py:15: RuntimeWarning: divide by zero encountered in true_divide\n","  from ipykernel import kernelapp as app\n","/usr/local/lib/python3.7/dist-packages/ipykernel_launcher.py:17: RuntimeWarning: invalid value encountered in matmul\n","/usr/local/lib/python3.7/dist-packages/ipykernel_launcher.py:20: RuntimeWarning: invalid value encountered in matmul\n","/usr/local/lib/python3.7/dist-packages/ipykernel_launcher.py:15: RuntimeWarning: invalid value encountered in true_divide\n","  from ipykernel import kernelapp as app\n"],"name":"stderr"}]},{"cell_type":"markdown","metadata":{"id":"OqWxeK450I58"},"source":["### Test II.1\n","\n","For a naive LU decomposition to work, all leading minors of a matrix should be non-zero. Check if this requirement is satisfied for the two matrices `a` and `a1`.\n","\n","(20% of the grade)"]},{"cell_type":"code","metadata":{"colab":{"base_uri":"https://localhost:8080/"},"id":"nrDIJAjl0H0d","outputId":"62782162-d097-4ef5-a48e-71cf22417f64"},"source":["def leading_minors_test(A):\n","   \"\"\"\n","    Function to check all leading Minors of a Matrix not equal to 0\n","   \"\"\"\n","   # ... ENTER YOUR CODE HERE ...\n","\n","   return True\n","\n","leading_minors_test(a), leading_minors_test(a1)"],"execution_count":null,"outputs":[{"output_type":"execute_result","data":{"text/plain":["(True, False)"]},"metadata":{"tags":[]},"execution_count":9}]},{"cell_type":"markdown","metadata":{"id":"Qs8AJkWd0XXQ"},"source":["### Test II.2\n","\n","Modify the `diy_lu` routine to implement column pivoting. Keep track of pivots, you can either construct a permutation matrix, or a swap array (your choice).\n","\n","(40% of the grade)\n","\n","Implement a function to reconstruct the original matrix from a decompositon. Test your routines on the matrices `a` and `a1`.\n","\n","(40% of the grade)"]},{"cell_type":"markdown","metadata":{"id":"tUb6w3y60eyP"},"source":["# 2. $LU$ factorization column pivoting\n","When we premultply $A$ by elementary permutation matricex$P_j$( to find a good pivot) and the premultply by lower triangular elemetary matrices $\\Lambda_j$  it is trasfrommed in an  upper triangular matrix $U$\n","\n","$$  \\Lambda_{n-1} P_{n-1} \\ldots \\Lambda_2 P_2 \\Lambda_1 P_1 A  = U$$\n","$$  A  = (\\Lambda_{n-1} P_{n-1} \\ldots \\Lambda_2 P_2 \\Lambda_1 P_1)^{-1} U$$\n","\n","with\n","\n","\\begin{array}{ll}L  &=  (\\Lambda_{n-1} P_{n-1} \\ldots \\Lambda_2 P_2 \\Lambda_1 P_1)^{-1}\\\\\n","&= P_1^{-1} \\Lambda_1^{-1} P_2^{-1} \\Lambda_2^{-1} \\ldots  P_{n-1}^{-1}\\\\\n"," &= P_1^{t} (-\\Lambda_1) P_2^{t} (-\\Lambda_2) \\ldots  P_{n-1}^{t} (-\\Lambda_{n-1})\n","\\end{array}\n","\n","\n","\n","Because the inverse a of a Lower Triangular Elemetary Matrix is minus the matrix $\\Lambda_i^{-1} = - \\Lambda_i$ and the inverse of a Permutation Matrix (in particular an elementary permutation matrix)  is its transpose [math.stackexchange](\n","        https://math.stackexchange.com/questions/98549/the-transpose-of-a-permutation-matrix-is-its-inverse#:~:text=Taking%20the%20transpose%20of%20P,Pt%3DP%E2%88%921.)  $P_i^{-1}=P_i^{t}$, so\n","\n","\n","If we use \n","$$  \\hat{L}  = (\\Lambda_{n-1}  \\ldots \\Lambda_2\\Lambda_1)^{-1}$$\n","The inverse of a product of matrices is the revesre product of inverses \n","$$ \\hat{L} = \\Lambda_1^{-1}\\Lambda_2^{-1} \\ldots  \\Lambda_{n-1}^{-1} $$\n","the inverse a of a Lower Triangular Elemetary Matrix is minus the matrix $\\Lambda_i^{-1} = - \\Lambda_i$\n","$$ \\hat{L} = (-\\Lambda_1)  (-\\Lambda_2) \\ldots  (-\\Lambda_{n-1}) $$\n","\n","Then\n","$$    A_\\pi  = \\hat{L} U$$\n","with $A_\\pi$ equal to $A$ with rows permutated acoording to some permutation $\\pi$\n","\n","Equiavlently \n","$$   A  = (\\hat{L}U)_{\\pi'}$$\n"," $(\\hat{L}U)_{\\pi'}$ equal to $\\hat{L}U$ with rows permutated acoording to some permutation $\\pi'$"]},{"cell_type":"code","metadata":{"id":"jUro86AH0RJE","executionInfo":{"status":"ok","timestamp":1618413235152,"user_tz":300,"elapsed":1160,"user":{"displayName":"David Ricardo Rios Garcia","photoUrl":"https://lh3.googleusercontent.com/a-/AOh14GinpQkh44wZSz3MxS8182NDCrM_aotyKwIFOnBd1A=s64","userId":"13932141575913455555"}}},"source":["def diy_lu_column_pivot(A):\n","    \n","    #Get the number of rows\n","    n = A.shape[0]\n","    \n","    #Allocate space for P, L, and U\n","    U = A.copy()\n","    L = np.eye(n, dtype=np.double)\n","    P = np.eye(n, dtype=np.double)\n","    \n","    #Loop over rows\n","    for i in range(n):\n","        \n","        #Permute rows if needed\n","        for k in range(i, n): \n","            if ~np.isclose(U[i, i], 0.0):\n","                break\n","            U[[k, k+1]] = U[[k+1, k]]\n","            P[[k, k+1]] = P[[k+1, k]]\n","            \n","        #Eliminate entries below i with row \n","        #operations on U and #reverse the row \n","        #operations to manipulate L\n","        factor = U[i+1:, i] / U[i, i]\n","        L[i+1:, i] = factor\n","        U[i+1:] -= factor[:, np.newaxis] * U[i]\n","        \n","    return L, U, P"],"execution_count":23,"outputs":[]},{"cell_type":"code","metadata":{"colab":{"base_uri":"https://localhost:8080/"},"id":"oCa4b90-0uD7","executionInfo":{"status":"ok","timestamp":1618413239859,"user_tz":300,"elapsed":410,"user":{"displayName":"David Ricardo Rios Garcia","photoUrl":"https://lh3.googleusercontent.com/a-/AOh14GinpQkh44wZSz3MxS8182NDCrM_aotyKwIFOnBd1A=s64","userId":"13932141575913455555"}},"outputId":"010fce12-a933-4c99-8226-04391ae30a9b"},"source":["N = 6\n","a = np.zeros((N, N), dtype=float)\n","for i in range(N):\n","    for j in range(N):\n","        a[i, j] = 3. / (0.6*i*j + 1)\n","        \n","L, u, P = diy_lu_column_pivot(a)\n","\n","print(\"L\\n\",L, \"\\n\")\n","print(\"u\\n\",u, \"\\n\")\n","print(\"L@u\\n\", L@u, \"\\n\")\n","print(\"a\\n\",a, \"\\n\")\n","print(\"P\\n\", P, \"\\n\")\n","print(\"P@L@u\\n\", P@L@u, \"\\n\")\n","print(\"a\\n\",a, \"\\n\")"],"execution_count":24,"outputs":[{"output_type":"stream","text":["L\n"," [[1.         0.         0.         0.         0.         0.        ]\n"," [1.         1.         0.         0.         0.         0.        ]\n"," [1.         1.45454545 1.         0.         0.         0.        ]\n"," [1.         1.71428571 1.74223602 1.         0.         0.        ]\n"," [1.         1.88235294 2.27586207 2.03908376 1.         0.        ]\n"," [1.         2.         2.67142857 2.944      2.35448132 1.        ]] \n","\n","u\n"," [[ 3.00000000e+00  3.00000000e+00  3.00000000e+00  3.00000000e+00\n","   3.00000000e+00  3.00000000e+00]\n"," [ 0.00000000e+00 -1.12500000e+00 -1.63636364e+00 -1.92857143e+00\n","  -2.11764706e+00 -2.25000000e+00]\n"," [ 0.00000000e+00  0.00000000e+00  2.62518230e-01  4.57368718e-01\n","   5.97455283e-01  7.01298701e-01]\n"," [ 0.00000000e+00  2.22044605e-16  0.00000000e+00 -2.19718086e-02\n","  -4.48023580e-02 -6.46850044e-02]\n"," [ 0.00000000e+00 -4.52767547e-16  0.00000000e+00  6.93889390e-18\n","   8.07981372e-04  1.90237705e-03]\n"," [ 0.00000000e+00  4.12333415e-16  0.00000000e+00 -1.63374961e-17\n","   0.00000000e+00 -1.58459123e-05]] \n","\n","L@u\n"," [[3.         3.         3.         3.         3.         3.        ]\n"," [3.         1.875      1.36363636 1.07142857 0.88235294 0.75      ]\n"," [3.         1.36363636 0.88235294 0.65217391 0.51724138 0.42857143]\n"," [3.         1.07142857 0.65217391 0.46875    0.36585366 0.3       ]\n"," [3.         0.88235294 0.51724138 0.36585366 0.28301887 0.23076923]\n"," [3.         0.75       0.42857143 0.3        0.23076923 0.1875    ]] \n","\n","a\n"," [[3.         3.         3.         3.         3.         3.        ]\n"," [3.         1.875      1.36363636 1.07142857 0.88235294 0.75      ]\n"," [3.         1.36363636 0.88235294 0.65217391 0.51724138 0.42857143]\n"," [3.         1.07142857 0.65217391 0.46875    0.36585366 0.3       ]\n"," [3.         0.88235294 0.51724138 0.36585366 0.28301887 0.23076923]\n"," [3.         0.75       0.42857143 0.3        0.23076923 0.1875    ]] \n","\n","P\n"," [[1. 0. 0. 0. 0. 0.]\n"," [0. 1. 0. 0. 0. 0.]\n"," [0. 0. 1. 0. 0. 0.]\n"," [0. 0. 0. 1. 0. 0.]\n"," [0. 0. 0. 0. 1. 0.]\n"," [0. 0. 0. 0. 0. 1.]] \n","\n","P@L@u\n"," [[3.         3.         3.         3.         3.         3.        ]\n"," [3.         1.875      1.36363636 1.07142857 0.88235294 0.75      ]\n"," [3.         1.36363636 0.88235294 0.65217391 0.51724138 0.42857143]\n"," [3.         1.07142857 0.65217391 0.46875    0.36585366 0.3       ]\n"," [3.         0.88235294 0.51724138 0.36585366 0.28301887 0.23076923]\n"," [3.         0.75       0.42857143 0.3        0.23076923 0.1875    ]] \n","\n","a\n"," [[3.         3.         3.         3.         3.         3.        ]\n"," [3.         1.875      1.36363636 1.07142857 0.88235294 0.75      ]\n"," [3.         1.36363636 0.88235294 0.65217391 0.51724138 0.42857143]\n"," [3.         1.07142857 0.65217391 0.46875    0.36585366 0.3       ]\n"," [3.         0.88235294 0.51724138 0.36585366 0.28301887 0.23076923]\n"," [3.         0.75       0.42857143 0.3        0.23076923 0.1875    ]] \n","\n"],"name":"stdout"}]},{"cell_type":"code","metadata":{"colab":{"base_uri":"https://localhost:8080/"},"id":"473EfeLC0ztJ","executionInfo":{"status":"ok","timestamp":1618413406947,"user_tz":300,"elapsed":420,"user":{"displayName":"David Ricardo Rios Garcia","photoUrl":"https://lh3.googleusercontent.com/a-/AOh14GinpQkh44wZSz3MxS8182NDCrM_aotyKwIFOnBd1A=s64","userId":"13932141575913455555"}},"outputId":"f1c8eb59-cebc-4364-f05f-fa1f1af0c1ef"},"source":["a1 = a.copy()\n","a1[1, 1] = 3\n","\n","L, u , P = diy_lu_column_pivot(a1)\n","\n","print(\"L\\n\",L, \"\\n\")\n","print(\"u\\n\",u, \"\\n\")\n","print(\"L@u\\n\", L@u, \"\\n\")\n","print(\"a\\n\",a, \"\\n\")\n","print(\"P\\n\", P, \"\\n\")\n","print(\"P@L@u\\n\", P@L@u, \"\\n\")\n","print(\"a\\n\",a, \"\\n\")"],"execution_count":25,"outputs":[{"output_type":"stream","text":["L\n"," [[ 1.          0.          0.          0.          0.          0.        ]\n"," [ 1.          1.          0.          0.          0.          0.        ]\n"," [ 1.         -0.          1.          0.          0.          0.        ]\n"," [ 1.          1.17857143 -0.09042748  1.          0.          0.        ]\n"," [ 1.          1.29411765 -0.15749911  1.63536615  1.          0.        ]\n"," [ 1.          1.375      -0.20798319  2.06967742  2.08230835  1.        ]] \n","\n","u\n"," [[ 3.00000000e+00  3.00000000e+00  3.00000000e+00  3.00000000e+00\n","   3.00000000e+00  3.00000000e+00]\n"," [ 0.00000000e+00 -1.63636364e+00 -2.11764706e+00 -2.34782609e+00\n","  -2.48275862e+00 -2.57142857e+00]\n"," [ 0.00000000e+00  0.00000000e+00 -1.63636364e+00 -1.92857143e+00\n","  -2.11764706e+00 -2.25000000e+00]\n"," [ 0.00000000e+00  2.22044605e-16  0.00000000e+00  6.14349000e-02\n","   1.00468556e-01  1.27150425e-01]\n"," [ 0.00000000e+00 -3.63124230e-16  0.00000000e+00  0.00000000e+00\n","  -1.82977919e-03 -3.81016447e-03]\n"," [ 0.00000000e+00  2.96575910e-16  0.00000000e+00  0.00000000e+00\n","  -4.33680869e-19  2.56738304e-05]] \n","\n","L@u\n"," [[3.         3.         3.         3.         3.         3.        ]\n"," [3.         1.36363636 0.88235294 0.65217391 0.51724138 0.42857143]\n"," [3.         3.         1.36363636 1.07142857 0.88235294 0.75      ]\n"," [3.         1.07142857 0.65217391 0.46875    0.36585366 0.3       ]\n"," [3.         0.88235294 0.51724138 0.36585366 0.28301887 0.23076923]\n"," [3.         0.75       0.42857143 0.3        0.23076923 0.1875    ]] \n","\n","a\n"," [[3.         3.         3.         3.         3.         3.        ]\n"," [3.         1.875      1.36363636 1.07142857 0.88235294 0.75      ]\n"," [3.         1.36363636 0.88235294 0.65217391 0.51724138 0.42857143]\n"," [3.         1.07142857 0.65217391 0.46875    0.36585366 0.3       ]\n"," [3.         0.88235294 0.51724138 0.36585366 0.28301887 0.23076923]\n"," [3.         0.75       0.42857143 0.3        0.23076923 0.1875    ]] \n","\n","P\n"," [[1. 0. 0. 0. 0. 0.]\n"," [0. 0. 1. 0. 0. 0.]\n"," [0. 1. 0. 0. 0. 0.]\n"," [0. 0. 0. 1. 0. 0.]\n"," [0. 0. 0. 0. 1. 0.]\n"," [0. 0. 0. 0. 0. 1.]] \n","\n","P@L@u\n"," [[3.         3.         3.         3.         3.         3.        ]\n"," [3.         3.         1.36363636 1.07142857 0.88235294 0.75      ]\n"," [3.         1.36363636 0.88235294 0.65217391 0.51724138 0.42857143]\n"," [3.         1.07142857 0.65217391 0.46875    0.36585366 0.3       ]\n"," [3.         0.88235294 0.51724138 0.36585366 0.28301887 0.23076923]\n"," [3.         0.75       0.42857143 0.3        0.23076923 0.1875    ]] \n","\n","a\n"," [[3.         3.         3.         3.         3.         3.        ]\n"," [3.         1.875      1.36363636 1.07142857 0.88235294 0.75      ]\n"," [3.         1.36363636 0.88235294 0.65217391 0.51724138 0.42857143]\n"," [3.         1.07142857 0.65217391 0.46875    0.36585366 0.3       ]\n"," [3.         0.88235294 0.51724138 0.36585366 0.28301887 0.23076923]\n"," [3.         0.75       0.42857143 0.3        0.23076923 0.1875    ]] \n","\n"],"name":"stdout"}]},{"cell_type":"code","metadata":{"colab":{"base_uri":"https://localhost:8080/","height":364},"id":"yafNw7uY04At","executionInfo":{"status":"error","timestamp":1618413427270,"user_tz":300,"elapsed":414,"user":{"displayName":"David Ricardo Rios Garcia","photoUrl":"https://lh3.googleusercontent.com/a-/AOh14GinpQkh44wZSz3MxS8182NDCrM_aotyKwIFOnBd1A=s64","userId":"13932141575913455555"}},"outputId":"82abc0fc-15bf-4e2c-bb4f-377536e7cd2d"},"source":["a2 = np.array([[4,3,1], [5,7,0], [9,9,3], [8,2,4]])\n","\n","L, u, P = diy_lu_column_pivot(a2)\n","\n","print(\"L\\n\",L, \"\\n\")\n","print(\"u\\n\",u, \"\\n\")\n","print(\"L@u\\n\", L@u, \"\\n\")\n","print(\"a\\n\",a, \"\\n\")\n","print(\"P\\n\", P, \"\\n\")\n","print(\"P@L@u\\n\", P@L@u, \"\\n\")\n","print(\"a\\n\",a, \"\\n\")"],"execution_count":27,"outputs":[{"output_type":"error","ename":"UFuncTypeError","evalue":"ignored","traceback":["\u001b[0;31m---------------------------------------------------------------------------\u001b[0m","\u001b[0;31mUFuncTypeError\u001b[0m                            Traceback (most recent call last)","\u001b[0;32m<ipython-input-27-1381ca7659f2>\u001b[0m in \u001b[0;36m<module>\u001b[0;34m()\u001b[0m\n\u001b[1;32m      1\u001b[0m \u001b[0ma2\u001b[0m \u001b[0;34m=\u001b[0m \u001b[0mnp\u001b[0m\u001b[0;34m.\u001b[0m\u001b[0marray\u001b[0m\u001b[0;34m(\u001b[0m\u001b[0;34m[\u001b[0m\u001b[0;34m[\u001b[0m\u001b[0;36m4\u001b[0m\u001b[0;34m,\u001b[0m\u001b[0;36m3\u001b[0m\u001b[0;34m,\u001b[0m\u001b[0;36m1\u001b[0m\u001b[0;34m]\u001b[0m\u001b[0;34m,\u001b[0m \u001b[0;34m[\u001b[0m\u001b[0;36m5\u001b[0m\u001b[0;34m,\u001b[0m\u001b[0;36m7\u001b[0m\u001b[0;34m,\u001b[0m\u001b[0;36m0\u001b[0m\u001b[0;34m]\u001b[0m\u001b[0;34m,\u001b[0m \u001b[0;34m[\u001b[0m\u001b[0;36m9\u001b[0m\u001b[0;34m,\u001b[0m\u001b[0;36m9\u001b[0m\u001b[0;34m,\u001b[0m\u001b[0;36m3\u001b[0m\u001b[0;34m]\u001b[0m\u001b[0;34m,\u001b[0m \u001b[0;34m[\u001b[0m\u001b[0;36m8\u001b[0m\u001b[0;34m,\u001b[0m\u001b[0;36m2\u001b[0m\u001b[0;34m,\u001b[0m\u001b[0;36m4\u001b[0m\u001b[0;34m]\u001b[0m\u001b[0;34m]\u001b[0m\u001b[0;34m)\u001b[0m\u001b[0;34m\u001b[0m\u001b[0;34m\u001b[0m\u001b[0m\n\u001b[1;32m      2\u001b[0m \u001b[0;34m\u001b[0m\u001b[0m\n\u001b[0;32m----> 3\u001b[0;31m \u001b[0mL\u001b[0m\u001b[0;34m,\u001b[0m \u001b[0mu\u001b[0m\u001b[0;34m,\u001b[0m \u001b[0mP\u001b[0m \u001b[0;34m=\u001b[0m \u001b[0mdiy_lu_column_pivot\u001b[0m\u001b[0;34m(\u001b[0m\u001b[0ma2\u001b[0m\u001b[0;34m)\u001b[0m\u001b[0;34m\u001b[0m\u001b[0;34m\u001b[0m\u001b[0m\n\u001b[0m\u001b[1;32m      4\u001b[0m \u001b[0;34m\u001b[0m\u001b[0m\n\u001b[1;32m      5\u001b[0m \u001b[0mprint\u001b[0m\u001b[0;34m(\u001b[0m\u001b[0;34m\"L\\n\"\u001b[0m\u001b[0;34m,\u001b[0m\u001b[0mL\u001b[0m\u001b[0;34m,\u001b[0m \u001b[0;34m\"\\n\"\u001b[0m\u001b[0;34m)\u001b[0m\u001b[0;34m\u001b[0m\u001b[0;34m\u001b[0m\u001b[0m\n","\u001b[0;32m<ipython-input-23-ed2ad368c234>\u001b[0m in \u001b[0;36mdiy_lu_column_pivot\u001b[0;34m(A)\u001b[0m\n\u001b[1;32m     24\u001b[0m         \u001b[0mfactor\u001b[0m \u001b[0;34m=\u001b[0m \u001b[0mU\u001b[0m\u001b[0;34m[\u001b[0m\u001b[0mi\u001b[0m\u001b[0;34m+\u001b[0m\u001b[0;36m1\u001b[0m\u001b[0;34m:\u001b[0m\u001b[0;34m,\u001b[0m \u001b[0mi\u001b[0m\u001b[0;34m]\u001b[0m \u001b[0;34m/\u001b[0m \u001b[0mU\u001b[0m\u001b[0;34m[\u001b[0m\u001b[0mi\u001b[0m\u001b[0;34m,\u001b[0m \u001b[0mi\u001b[0m\u001b[0;34m]\u001b[0m\u001b[0;34m\u001b[0m\u001b[0;34m\u001b[0m\u001b[0m\n\u001b[1;32m     25\u001b[0m         \u001b[0mL\u001b[0m\u001b[0;34m[\u001b[0m\u001b[0mi\u001b[0m\u001b[0;34m+\u001b[0m\u001b[0;36m1\u001b[0m\u001b[0;34m:\u001b[0m\u001b[0;34m,\u001b[0m \u001b[0mi\u001b[0m\u001b[0;34m]\u001b[0m \u001b[0;34m=\u001b[0m \u001b[0mfactor\u001b[0m\u001b[0;34m\u001b[0m\u001b[0;34m\u001b[0m\u001b[0m\n\u001b[0;32m---> 26\u001b[0;31m         \u001b[0mU\u001b[0m\u001b[0;34m[\u001b[0m\u001b[0mi\u001b[0m\u001b[0;34m+\u001b[0m\u001b[0;36m1\u001b[0m\u001b[0;34m:\u001b[0m\u001b[0;34m]\u001b[0m \u001b[0;34m-=\u001b[0m \u001b[0mfactor\u001b[0m\u001b[0;34m[\u001b[0m\u001b[0;34m:\u001b[0m\u001b[0;34m,\u001b[0m \u001b[0mnp\u001b[0m\u001b[0;34m.\u001b[0m\u001b[0mnewaxis\u001b[0m\u001b[0;34m]\u001b[0m \u001b[0;34m*\u001b[0m \u001b[0mU\u001b[0m\u001b[0;34m[\u001b[0m\u001b[0mi\u001b[0m\u001b[0;34m]\u001b[0m\u001b[0;34m\u001b[0m\u001b[0;34m\u001b[0m\u001b[0m\n\u001b[0m\u001b[1;32m     27\u001b[0m \u001b[0;34m\u001b[0m\u001b[0m\n\u001b[1;32m     28\u001b[0m     \u001b[0;32mreturn\u001b[0m \u001b[0mL\u001b[0m\u001b[0;34m,\u001b[0m \u001b[0mU\u001b[0m\u001b[0;34m,\u001b[0m \u001b[0mP\u001b[0m\u001b[0;34m\u001b[0m\u001b[0;34m\u001b[0m\u001b[0m\n","\u001b[0;31mUFuncTypeError\u001b[0m: Cannot cast ufunc 'subtract' output from dtype('float64') to dtype('int64') with casting rule 'same_kind'"]}]},{"cell_type":"markdown","metadata":{"id":"h1F1gBbj08Py"},"source":["# 3. $LU$ factorization column pivoting and reconstruction\n","When we premultply $A$ by elementary permutation matricex$P_j$( to find a good pivot) and the premultply by lower triangular elemetary matrices $\\Lambda_j$  it is trasfrommed in an  upper triangular matrix $U$\n","\n","$$  \\Lambda_{n-1} P_{n-1} \\ldots \\Lambda_2 P_2 \\Lambda_1 P_1 A  = U$$\n","$$  A  = (\\Lambda_{n-1} P_{n-1} \\ldots \\Lambda_2 P_2 \\Lambda_1 P_1)^{-1} U$$\n","$$  A  = (\\Lambda_{n-1} P_{n-1} \\ldots \\Lambda_2 P_2 \\Lambda_1 P_1)^{-1} U$$\n","\n","The inverse of a product of matrices is the revesre product of inverses \n","$$  A  = ( P_1^{-1} \\Lambda_1^{-1} P_2^{-1} \\Lambda_2^{-1} \\ldots  P_{n-1}^{-1}\\Lambda_{n-1}^{-1} ) U$$\n","\n","So the $LU$ column pivot factorization is \n","$$  A  = L U$$\n","with\n","$$ U = \\Lambda_{n-1} P_{n-1} \\ldots \\Lambda_2 P_2 \\Lambda_1 P_1 A  $$\n","\n","\n","\n","$$ L  = P_1^{-1} \\Lambda_1^{-1} P_2^{-1} \\Lambda_2^{-1} \\ldots  P_{n-1}^{-1}\\Lambda_{n-1}^{-1} $$\n","\n","the inverse a of a Lower Triangular Elemetary Matrix is minus the matrix $\\Lambda_i^{-1} = - \\Lambda_i$ and the inverse of a Permutation Matrix (in particular an elementary permutation matrix)  is its transpose [math.stackexchange](\n","        https://math.stackexchange.com/questions/98549/the-transpose-of-a-permutation-matrix-is-its-inverse#:~:text=Taking%20the%20transpose%20of%20P,Pt%3DP%E2%88%921.)  $P_i^{-1}=P_i^{t}$, so\n","\n","$$ L  =  P_1^{t} (-\\Lambda_1) P_2^{t} (-\\Lambda_2) \\ldots  P_{n-1}^{t} (-\\Lambda_{n-1}) $$\n"]},{"cell_type":"code","metadata":{"id":"16uuRFJu09YM","executionInfo":{"status":"ok","timestamp":1618414452080,"user_tz":300,"elapsed":610,"user":{"displayName":"David Ricardo Rios Garcia","photoUrl":"https://lh3.googleusercontent.com/a-/AOh14GinpQkh44wZSz3MxS8182NDCrM_aotyKwIFOnBd1A=s64","userId":"13932141575913455555"}}},"source":["def diy_lu_column_pivot_reconstruct(A):\n","    \n","    #Get the number of rows\n","    n = A.shape[0]\n","    \n","    U = A.copy()\n","    L = np.eye(n, dtype=np.double)\n","    \n","    #Loop over rows\n","    for i in range(n):\n","            \n","        #Eliminate entries below i with row operations \n","        #on U and reverse the row operations to \n","        #manipulate L\n","        factor = U[i+1:, i] / U[i, i]\n","        L[i+1:, i] = factor\n","        U[i+1:] -= factor[:, np.newaxis] * U[i]\n","        \n","    return L, U"],"execution_count":28,"outputs":[]},{"cell_type":"code","metadata":{"colab":{"base_uri":"https://localhost:8080/"},"id":"XIpfRzl21IDH","executionInfo":{"status":"ok","timestamp":1618414455037,"user_tz":300,"elapsed":667,"user":{"displayName":"David Ricardo Rios Garcia","photoUrl":"https://lh3.googleusercontent.com/a-/AOh14GinpQkh44wZSz3MxS8182NDCrM_aotyKwIFOnBd1A=s64","userId":"13932141575913455555"}},"outputId":"610dcd59-7865-441c-85b4-7278dbb75836"},"source":["N = 6\n","a = np.zeros((N, N), dtype=float)\n","for i in range(N):\n","    for j in range(N):\n","        a[i, j] = 3. / (0.6*i*j + 1)\n","\n","L, u = diy_lu_column_pivot_reconstruct(a)\n","\n","print(\"L\\n\",L, \"\\n\")\n","print(\"u\\n\",u, \"\\n\")\n","print(\"L@u\\n\", L@u, \"\\n\")\n","print(\"a\\n\",a, \"\\n\")"],"execution_count":29,"outputs":[{"output_type":"stream","text":["L\n"," [[1.         0.         0.         0.         0.         0.        ]\n"," [1.         1.         0.         0.         0.         0.        ]\n"," [1.         1.45454545 1.         0.         0.         0.        ]\n"," [1.         1.71428571 1.74223602 1.         0.         0.        ]\n"," [1.         1.88235294 2.27586207 2.03908376 1.         0.        ]\n"," [1.         2.         2.67142857 2.944      2.35448132 1.        ]] \n","\n","u\n"," [[ 3.00000000e+00  3.00000000e+00  3.00000000e+00  3.00000000e+00\n","   3.00000000e+00  3.00000000e+00]\n"," [ 0.00000000e+00 -1.12500000e+00 -1.63636364e+00 -1.92857143e+00\n","  -2.11764706e+00 -2.25000000e+00]\n"," [ 0.00000000e+00  0.00000000e+00  2.62518230e-01  4.57368718e-01\n","   5.97455283e-01  7.01298701e-01]\n"," [ 0.00000000e+00  2.22044605e-16  0.00000000e+00 -2.19718086e-02\n","  -4.48023580e-02 -6.46850044e-02]\n"," [ 0.00000000e+00 -4.52767547e-16  0.00000000e+00  6.93889390e-18\n","   8.07981372e-04  1.90237705e-03]\n"," [ 0.00000000e+00  4.12333415e-16  0.00000000e+00 -1.63374961e-17\n","   0.00000000e+00 -1.58459123e-05]] \n","\n","L@u\n"," [[3.         3.         3.         3.         3.         3.        ]\n"," [3.         1.875      1.36363636 1.07142857 0.88235294 0.75      ]\n"," [3.         1.36363636 0.88235294 0.65217391 0.51724138 0.42857143]\n"," [3.         1.07142857 0.65217391 0.46875    0.36585366 0.3       ]\n"," [3.         0.88235294 0.51724138 0.36585366 0.28301887 0.23076923]\n"," [3.         0.75       0.42857143 0.3        0.23076923 0.1875    ]] \n","\n","a\n"," [[3.         3.         3.         3.         3.         3.        ]\n"," [3.         1.875      1.36363636 1.07142857 0.88235294 0.75      ]\n"," [3.         1.36363636 0.88235294 0.65217391 0.51724138 0.42857143]\n"," [3.         1.07142857 0.65217391 0.46875    0.36585366 0.3       ]\n"," [3.         0.88235294 0.51724138 0.36585366 0.28301887 0.23076923]\n"," [3.         0.75       0.42857143 0.3        0.23076923 0.1875    ]] \n","\n"],"name":"stdout"}]},{"cell_type":"code","metadata":{"colab":{"base_uri":"https://localhost:8080/"},"id":"Ea5i2TSF1RPx","executionInfo":{"status":"ok","timestamp":1618414966205,"user_tz":300,"elapsed":752,"user":{"displayName":"David Ricardo Rios Garcia","photoUrl":"https://lh3.googleusercontent.com/a-/AOh14GinpQkh44wZSz3MxS8182NDCrM_aotyKwIFOnBd1A=s64","userId":"13932141575913455555"}},"outputId":"afad05cb-8e62-4204-dcae-50097ec8a83d"},"source":["a1 = a.copy()\n","a1[1, 1] = 3\n","\n","L, u, = diy_lu_column_pivot_reconstruct(a1)\n","\n","print(\"L\\n\",L, \"\\n\")\n","print(\"u\\n\",u, \"\\n\")\n","print(\"L@u\\n\", L@u, \"\\n\")\n","print(\"a2\\n\",a1, \"\\n\")\n","\n","# Quick sanity check: L times U must equal the original matrix, up to floating-point errors.\n","print(\"L@u - a1\\n\",L@u - a1, \"\\n\")"],"execution_count":32,"outputs":[{"output_type":"stream","text":["L\n"," [[  1.   0.   0.   0.   0.   0.]\n"," [  1.   1.   0.   0.   0.   0.]\n"," [  1. -inf   1.   0.   0.   0.]\n"," [  1. -inf  nan   1.   0.   0.]\n"," [  1. -inf  nan  nan   1.   0.]\n"," [  1. -inf  nan  nan  nan   1.]] \n","\n","u\n"," [[ 3.          3.          3.          3.          3.          3.        ]\n"," [ 0.          0.         -1.63636364 -1.92857143 -2.11764706 -2.25      ]\n"," [        nan         nan        -inf        -inf        -inf        -inf]\n"," [        nan         nan         nan         nan         nan         nan]\n"," [        nan         nan         nan         nan         nan         nan]\n"," [        nan         nan         nan         nan         nan         nan]] \n","\n","L@u\n"," [[nan nan nan nan nan nan]\n"," [nan nan nan nan nan nan]\n"," [nan nan nan nan nan nan]\n"," [nan nan nan nan nan nan]\n"," [nan nan nan nan nan nan]\n"," [nan nan nan nan nan nan]] \n","\n","a2\n"," [[3.         3.         3.         3.         3.         3.        ]\n"," [3.         3.         1.36363636 1.07142857 0.88235294 0.75      ]\n"," [3.         1.36363636 0.88235294 0.65217391 0.51724138 0.42857143]\n"," [3.         1.07142857 0.65217391 0.46875    0.36585366 0.3       ]\n"," [3.         0.88235294 0.51724138 0.36585366 0.28301887 0.23076923]\n"," [3.         0.75       0.42857143 0.3        0.23076923 0.1875    ]] \n","\n","L@u - a1\n"," [[nan nan nan nan nan nan]\n"," [nan nan nan nan nan nan]\n"," [nan nan nan nan nan nan]\n"," [nan nan nan nan nan nan]\n"," [nan nan nan nan nan nan]\n"," [nan nan nan nan nan nan]] \n","\n"],"name":"stdout"},{"output_type":"stream","text":["/usr/local/lib/python3.7/dist-packages/ipykernel_launcher.py:15: RuntimeWarning: divide by zero encountered in true_divide\n","  from ipykernel import kernelapp as app\n","/usr/local/lib/python3.7/dist-packages/ipykernel_launcher.py:17: RuntimeWarning: invalid value encountered in multiply\n","/usr/local/lib/python3.7/dist-packages/ipykernel_launcher.py:15: RuntimeWarning: invalid value encountered in true_divide\n","  from ipykernel import kernelapp as app\n","/usr/local/lib/python3.7/dist-packages/ipykernel_launcher.py:8: RuntimeWarning: invalid value encountered in matmul\n","  \n","/usr/local/lib/python3.7/dist-packages/ipykernel_launcher.py:12: RuntimeWarning: invalid value encountered in matmul\n","  if sys.path[0] == '':\n"],"name":"stderr"}]},{"cell_type":"code","metadata":{"colab":{"base_uri":"https://localhost:8080/","height":364},"id":"fhVlk2aj1Ux5","executionInfo":{"status":"error","timestamp":1618415069485,"user_tz":300,"elapsed":428,"user":{"displayName":"David Ricardo Rios Garcia","photoUrl":"https://lh3.googleusercontent.com/a-/AOh14GinpQkh44wZSz3MxS8182NDCrM_aotyKwIFOnBd1A=s64","userId":"13932141575913455555"}},"outputId":"e447796c-0b3c-4e7f-ea1c-d2bd8e8196f1"},"source":["a2 = np.array([[4,3,1], [5,7,0], [9,9,3], [8,2,4]])\n","\n","L, u, = diy_lu_column_pivot_reconstruct(a2)\n","\n","print(\"L\\n\",L, \"\\n\")\n","print(\"u\\n\",u, \"\\n\")\n","print(\"L@u\\n\", L@u, \"\\n\")\n","print(\"a2\\n\",a2, \"\\n\")\n","\n","# Quick sanity check: L times U must equal the original matrix, up to floating-point errors.\n","print(\"L@u - a2\\n\",L@u - a2, \"\\n\")"],"execution_count":34,"outputs":[{"output_type":"error","ename":"UFuncTypeError","evalue":"ignored","traceback":["\u001b[0;31m---------------------------------------------------------------------------\u001b[0m","\u001b[0;31mUFuncTypeError\u001b[0m                            Traceback (most recent call last)","\u001b[0;32m<ipython-input-34-decffcce6170>\u001b[0m in \u001b[0;36m<module>\u001b[0;34m()\u001b[0m\n\u001b[1;32m      1\u001b[0m \u001b[0ma2\u001b[0m \u001b[0;34m=\u001b[0m \u001b[0mnp\u001b[0m\u001b[0;34m.\u001b[0m\u001b[0marray\u001b[0m\u001b[0;34m(\u001b[0m\u001b[0;34m[\u001b[0m\u001b[0;34m[\u001b[0m\u001b[0;36m4\u001b[0m\u001b[0;34m,\u001b[0m\u001b[0;36m3\u001b[0m\u001b[0;34m,\u001b[0m\u001b[0;36m1\u001b[0m\u001b[0;34m]\u001b[0m\u001b[0;34m,\u001b[0m \u001b[0;34m[\u001b[0m\u001b[0;36m5\u001b[0m\u001b[0;34m,\u001b[0m\u001b[0;36m7\u001b[0m\u001b[0;34m,\u001b[0m\u001b[0;36m0\u001b[0m\u001b[0;34m]\u001b[0m\u001b[0;34m,\u001b[0m \u001b[0;34m[\u001b[0m\u001b[0;36m9\u001b[0m\u001b[0;34m,\u001b[0m\u001b[0;36m9\u001b[0m\u001b[0;34m,\u001b[0m\u001b[0;36m3\u001b[0m\u001b[0;34m]\u001b[0m\u001b[0;34m,\u001b[0m \u001b[0;34m[\u001b[0m\u001b[0;36m8\u001b[0m\u001b[0;34m,\u001b[0m\u001b[0;36m2\u001b[0m\u001b[0;34m,\u001b[0m\u001b[0;36m4\u001b[0m\u001b[0;34m]\u001b[0m\u001b[0;34m]\u001b[0m\u001b[0;34m)\u001b[0m\u001b[0;34m\u001b[0m\u001b[0;34m\u001b[0m\u001b[0m\n\u001b[1;32m      2\u001b[0m \u001b[0;34m\u001b[0m\u001b[0m\n\u001b[0;32m----> 3\u001b[0;31m \u001b[0mL\u001b[0m\u001b[0;34m,\u001b[0m \u001b[0mu\u001b[0m\u001b[0;34m,\u001b[0m \u001b[0;34m=\u001b[0m \u001b[0mdiy_lu_column_pivot_reconstruct\u001b[0m\u001b[0;34m(\u001b[0m\u001b[0ma2\u001b[0m\u001b[0;34m)\u001b[0m\u001b[0;34m\u001b[0m\u001b[0;34m\u001b[0m\u001b[0m\n\u001b[0m\u001b[1;32m      4\u001b[0m \u001b[0;34m\u001b[0m\u001b[0m\n\u001b[1;32m      5\u001b[0m \u001b[0mprint\u001b[0m\u001b[0;34m(\u001b[0m\u001b[0;34m\"L\\n\"\u001b[0m\u001b[0;34m,\u001b[0m\u001b[0mL\u001b[0m\u001b[0;34m,\u001b[0m \u001b[0;34m\"\\n\"\u001b[0m\u001b[0;34m)\u001b[0m\u001b[0;34m\u001b[0m\u001b[0;34m\u001b[0m\u001b[0m\n","\u001b[0;32m<ipython-input-28-81ca8a0dc5b8>\u001b[0m in \u001b[0;36mdiy_lu_column_pivot_reconstruct\u001b[0;34m(A)\u001b[0m\n\u001b[1;32m     15\u001b[0m         \u001b[0mfactor\u001b[0m \u001b[0;34m=\u001b[0m \u001b[0mU\u001b[0m\u001b[0;34m[\u001b[0m\u001b[0mi\u001b[0m\u001b[0;34m+\u001b[0m\u001b[0;36m1\u001b[0m\u001b[0;34m:\u001b[0m\u001b[0;34m,\u001b[0m \u001b[0mi\u001b[0m\u001b[0;34m]\u001b[0m \u001b[0;34m/\u001b[0m \u001b[0mU\u001b[0m\u001b[0;34m[\u001b[0m\u001b[0mi\u001b[0m\u001b[0;34m,\u001b[0m \u001b[0mi\u001b[0m\u001b[0;34m]\u001b[0m\u001b[0;34m\u001b[0m\u001b[0;34m\u001b[0m\u001b[0m\n\u001b[1;32m     16\u001b[0m         \u001b[0mL\u001b[0m\u001b[0;34m[\u001b[0m\u001b[0mi\u001b[0m\u001b[0;34m+\u001b[0m\u001b[0;36m1\u001b[0m\u001b[0;34m:\u001b[0m\u001b[0;34m,\u001b[0m \u001b[0mi\u001b[0m\u001b[0;34m]\u001b[0m \u001b[0;34m=\u001b[0m \u001b[0mfactor\u001b[0m\u001b[0;34m\u001b[0m\u001b[0;34m\u001b[0m\u001b[0m\n\u001b[0;32m---> 17\u001b[0;31m         \u001b[0mU\u001b[0m\u001b[0;34m[\u001b[0m\u001b[0mi\u001b[0m\u001b[0;34m+\u001b[0m\u001b[0;36m1\u001b[0m\u001b[0;34m:\u001b[0m\u001b[0;34m]\u001b[0m \u001b[0;34m-=\u001b[0m \u001b[0mfactor\u001b[0m\u001b[0;34m[\u001b[0m\u001b[0;34m:\u001b[0m\u001b[0;34m,\u001b[0m \u001b[0mnp\u001b[0m\u001b[0;34m.\u001b[0m\u001b[0mnewaxis\u001b[0m\u001b[0;34m]\u001b[0m \u001b[0;34m*\u001b[0m \u001b[0mU\u001b[0m\u001b[0;34m[\u001b[0m\u001b[0mi\u001b[0m\u001b[0;34m]\u001b[0m\u001b[0;34m\u001b[0m\u001b[0;34m\u001b[0m\u001b[0m\n\u001b[0m\u001b[1;32m     18\u001b[0m \u001b[0;34m\u001b[0m\u001b[0m\n\u001b[1;32m     19\u001b[0m     \u001b[0;32mreturn\u001b[0m \u001b[0mL\u001b[0m\u001b[0;34m,\u001b[0m \u001b[0mU\u001b[0m\u001b[0;34m\u001b[0m\u001b[0;34m\u001b[0m\u001b[0m\n","\u001b[0;31mUFuncTypeError\u001b[0m: Cannot cast ufunc 'subtract' output from dtype('float64') to dtype('int64') with casting rule 'same_kind'"]}]}]}